Solving: verydifficult
% 294,947 inferences, 0.047 CPU in 0.047 seconds (100% CPU, 6302246 Lips)
5 9 8   7 3 1   2 4 6   
4 3 6   2 8 9   5 7 1   
1 2 7   5 4 6   9 3 8   

6 8 2   1 9 3   4 5 7   
9 4 3   8 5 7   6 1 2   
7 1 5   6 2 4   3 8 9   

3 7 1   4 6 2   8 9 5   
8 6 4   9 7 5   1 2 3   
2 5 9   3 1 8   7 6 4   


Solving: expert
% 4,427,443 inferences, 0.827 CPU in 0.837 seconds (99% CPU, 5354880 Lips)
6 7 2   1 4 9   8 3 5   
3 9 5   8 2 6   1 4 7   
4 8 1   7 5 3   6 2 9   

5 2 3   6 1 8   9 7 4   
7 4 6   5 9 2   3 1 8   
9 1 8   3 7 4   5 6 2   

2 3 4   9 6 5   7 8 1   
8 5 7   4 3 1   2 9 6   
1 6 9   2 8 7   4 5 3   



Solving: lambda
% 82,957,509 inferences, 16.801 CPU in 17.024 seconds (99% CPU, 4937563 Lips)
1 8 4   9 6 3   7 2 5   
5 6 2   7 4 8   3 1 9   
3 9 7   5 1 2   8 6 4   

2 3 9   6 5 7   1 4 8   
7 5 6   1 8 4   2 9 3   
4 1 8   2 3 9   6 5 7   

9 4 1   3 7 6   5 8 2   
6 2 3   8 9 5   4 7 1   
8 7 5   4 2 1   9 3 6   


Solving: hard17
% 34,099,570 inferences, 7.129 CPU in 7.130 seconds (100% CPU, 4783054 Lips)
7 4 2   8 9 5   3 1 6   
8 3 5   6 1 7   4 2 9   
1 6 9   2 3 4   5 8 7   

5 9 8   3 6 1   7 4 2   
6 1 3   7 4 2   9 5 8   
4 2 7   9 5 8   6 3 1 

9 7 1   4 8 3   2 6 5   
3 8 6   5 2 9   1 7 4   
2 5 4   1 7 6   8 9 3   


Solving: symme
% 19,166,293 inferences, 3.931 CPU in 3.993 seconds (98% CPU, 4875399 Lips)
3 7 2   5 1 9   8 6 4   
5 8 1   2 4 6   3 7 9   
9 4 6   7 8 3   5 1 2   

7 1 3   9 2 8   4 5 6   
2 5 9   1 6 4   7 3 8   
8 6 4   3 5 7   9 2 1   

1 3 5   8 9 2   6 4 7   
6 9 7   4 3 1   2 8 5   
4 2 8   6 7 5   1 9 3   


Solving: eastermonster
% 22,746,812 inferences, 4.758 CPU in 4.754 seconds (100% CPU, 4780720 Lips)
1 7 4   3 8 5   9 6 2   
2 9 3   4 6 7   1 5 8   
5 8 6   1 9 2   7 3 4   

4 5 1   9 2 3   8 7 6   
9 2 8   6 7 4   3 1 5   
3 6 7   8 5 1   2 4 9   

7 1 9   5 4 8   6 2 3   
6 3 5   2 1 9   4 8 7   
8 4 2   7 3 6   5 9 1   


Solving: tarek_052
% 80,823,862 inferences, 17.176 CPU in 17.232 seconds (100% CPU, 4705707 Lips)
7 6 1   3 5 4   2 8 9   
2 9 8   1 6 7   3 4 5   
4 5 3   9 2 8   1 6 7   

8 1 2   6 4 9   7 5 3   
9 7 6   5 1 3   4 2 8   
5 3 4   8 7 2   6 9 1   

3 2 7   4 8 5   9 1 6   
1 8 9   2 3 6   5 7 4   
6 4 5   7 9 1   8 3 2   


Solving: goldennugget
% 64,711,935 inferences, 13.432 CPU in 13.736 seconds (98% CPU, 4817856 Lips)
7 5 1   8 4 6   2 3 9   
8 9 2   3 7 1   4 6 5   
6 4 3   2 5 9   8 7 1   

2 3 8   1 9 7   5 4 6   
9 7 4   5 6 2   3 1 8   
1 6 5   4 3 8   9 2 7   

3 1 9   6 8 4   7 5 2   
5 2 7   9 1 3   6 8 4   
4 8 6   7 2 5   1 9 3   


Solving: coloin
% 25,112,825 inferences, 5.398 CPU in 5.423 seconds (100% CPU, 4652561 Lips)
9 2 5   4 1 3   7 8 6   
6 8 4   5 7 9   1 3 2   
3 1 7   6 8 2   5 9 4   

1 4 3   2 9 6   8 7 5   
8 6 9   3 5 7   2 4 1   
7 5 2   8 4 1   3 6 9   

5 7 6   1 3 4   9 2 8   
2 3 8   9 6 5   4 1 7   
4 9 1   7 2 8   6 5 3   


Solving: extra1
% 82,057,229 inferences, 17.379 CPU in 17.432 seconds (100% CPU, 4721764 Lips)
7 9 8   6 2 4   3 1 5   
3 1 5   8 7 9   2 4 6   
2 6 4   3 1 5   9 7 8   

1 2 9   5 8 7   4 6 3   
6 8 3   2 4 1   7 5 9   
4 5 7   9 3 6   1 8 2   

9 4 2   1 5 8   6 3 7   
5 3 1   7 6 2   8 9 4   
8 7 6   4 9 3   5 2 1   


Solving: extra2
% 399,848,003 inferences, 83.476 CPU in 84.230 seconds (99% CPU, 4789968 Lips)
3 6 1   9 2 8   7 5 4   
4 5 8   6 3 7   2 9 1   
7 2 9   4 5 1   8 3 6   

2 8 4   1 9 5   3 6 7   
6 9 3   7 4 2   5 1 8   
5 1 7   8 6 3   9 4 2   

8 3 2   5 1 6   4 7 9   
9 7 6   3 8 4   1 2 5   
1 4 5   2 7 9   6 8 3   


Solving: extra3
% 82,957,509 inferences, 17.691 CPU in 20.291 seconds (87% CPU, 4689378 Lips)
1 8 4   9 6 3   7 2 5   
5 6 2   7 4 8   3 1 9   
3 9 7   5 1 2   8 6 4   

2 3 9   6 5 7   1 4 8   
7 5 6   1 8 4   2 9 3   
4 1 8   2 3 9   6 5 7   

9 4 1   3 7 6   5 8 2   
6 2 3   8 9 5   4 7 1   
8 7 5   4 2 1   9 3 6   


Solving: extra4
% 124,371,946 inferences, 28.751 CPU in 37.361 seconds (77% CPU, 4325833 Lips)
1 8 4   9 6 3   7 2 5   
5 6 2   7 4 8   3 1 9   
3 9 7   5 1 2   8 6 4   

2 3 9   6 5 7   1 4 8   
7 5 6   1 8 4   2 9 3   
4 1 8   2 3 9   6 5 7   

9 4 1   3 7 6   5 8 2   
6 2 3   8 9 5   4 7 1   
8 7 5   4 2 1   9 3 6   

Solving: inkara2012
% 142,627,980 inferences, 30.810 CPU in 31.738 seconds (97% CPU, 4629246 Lips)
8 1 2   7 5 3   6 4 9   
9 4 3   6 8 2   1 7 5   
6 7 5   4 9 1   2 8 3   

1 5 4   2 3 7   8 9 6   
3 6 9   8 4 5   7 2 1   
2 8 7   1 6 9   5 3 4   

5 2 1   9 7 4   3 6 8   
4 3 8   5 2 6   9 1 7   
7 9 6   3 1 8   4 5 2   


Solving: clue18
% 64,468,660 inferences, 14.243 CPU in 14.611 seconds (97% CPU, 4526375 Lips)
7 2 8   9 4 6   3 1 5   
9 3 4   2 5 1   6 7 8   
5 1 6   7 3 8   2 4 9   

1 4 7   5 9 3   8 2 6   
3 6 9   4 8 2   1 5 7   
8 5 2   1 6 7   4 9 3   

2 9 3   6 1 5   7 8 4   
4 8 1   3 7 9   5 6 2   
6 7 5   8 2 4   9 3 1   


Solving: clue17
% 177,529,597 inferences, 38.392 CPU in 39.126 seconds (98% CPU, 4624148 Lips)
6 9 3   7 8 4   5 1 2   
4 8 7   5 1 2   9 3 6   
1 2 5   9 6 3   8 7 4   

9 3 2   6 5 1   4 8 7   
5 6 8   2 4 7   3 9 1   
7 4 1   3 9 8   6 2 5   

3 1 9   4 7 5   2 6 8   
8 5 6   1 2 9   7 4 3   
2 7 4   8 3 6   1 5 9   


Solving: sudowiki_nb28
% 381,952,261 inferences, 81.277 CPU in 82.836 seconds (98% CPU, 4699417 Lips)
6 2 5   1 7 8   9 4 3   
9 4 8   3 2 6   1 5 7   
3 7 1   9 4 5   8 6 2   

2 5 7   6 1 9   3 8 4   
4 6 3   5 8 7   2 9 1   
1 8 9   4 3 2   5 7 6   

7 9 2   8 6 3   4 1 5   
5 1 6   2 9 4   7 3 8   
8 3 4   7 5 1   6 2 9   


Solving: sudowiki_nb49
% 50,424,127 inferences, 10.421 CPU in 10.984 seconds (95% CPU, 4838765 Lips)
7 4 2   8 3 5   6 9 1   
5 3 9   4 6 1   2 8 7   
1 8 6   9 7 2   5 4 3   

6 1 8   2 9 3   7 5 4   
2 5 7   6 8 4   3 1 9   
3 9 4   1 5 7   8 6 2   

8 2 5   3 4 9   1 7 6   
9 7 1   5 2 6   4 3 8   
4 6 3   7 1 8   9 2 5   


Solving: sudoku_16x16
% 2,947,329 inferences, 0.640 CPU in 0.641 seconds (100% CPU, 4608052 Lips)
12 6 15 14   10 7 4 9   8 16 13 5   2 1 3 11   
4 11 3 8   6 5 13 14   10 12 2 1   7 9 15 16   
9 13 2 7   15 1 16 12   4 14 3 11   5 6 10 8   
16 1 10 5   8 3 11 2   6 9 15 7   4 12 13 14   

15 16 8 2   4 14 3 11   5 6 7 12   1 13 9 10   
14 7 6 3   16 13 12 8   11 1 10 9   15 2 4 5   
1 12 13 10   5 9 6 7   2 15 4 8   16 11 14 3   
11 5 9 4   2 10 15 1   14 13 16 3   6 8 7 12   

10 2 1 11   13 8 14 6   7 5 9 16   3 15 12 4   
5 3 14 16   12 2 9 10   15 4 1 13   11 7 8 6   
13 9 4 12   11 16 7 15   3 8 6 14   10 5 1 2   
8 15 7 6   1 4 5 3   12 2 11 10   9 14 16 13   

2 4 11 13   7 12 10 5   9 3 8 15   14 16 6 1   
6 14 16 15   9 11 1 4   13 10 12 2   8 3 5 7   
7 10 5 1   3 15 8 13   16 11 14 6   12 4 2 9   
3 8 12 9   14 6 2 16   1 7 5 4   13 10 11 15   


Solving: sudoku_25x25
% 25,831,006 inferences, 5.834 CPU in 5.856 seconds (100% CPU, 4427335 Lips)
7 20 24 15 17   4 3 12 2 23   21 14 11 9 1   10 13 18 19 5   16 22 8 25 6   
1 13 9 22 18   6 7 19 10 20   16 25 4 5 3   17 2 11 23 8   24 15 21 14 12   
4 2 5 16 8   21 9 13 25 24   12 18 17 20 7   14 6 22 1 15   10 11 3 19 23   
14 25 19 11 6   22 17 1 18 16   15 2 10 8 23   12 7 3 21 24   5 9 13 4 20   
10 23 3 12 21   14 11 5 15 8   19 22 13 24 6   20 4 9 16 25   7 2 1 17 18   

5 14 23 4 13   19 16 20 6 15   22 24 8 7 2   18 21 25 9 3   17 12 11 10 1   
9 6 21 25 10   8 23 17 5 3   4 11 20 12 16   22 1 19 15 13   14 24 2 18 7   
2 17 22 7 20   9 13 25 12 1   14 19 3 6 18   5 24 4 11 10   21 8 23 16 15   
3 12 16 8 19   18 24 4 11 2   1 21 15 10 9   23 17 14 20 7   22 25 5 6 13   
15 24 1 18 11   10 21 22 7 14   5 13 25 23 17   2 12 8 6 16   3 4 20 9 19   

12 16 11 9 14   15 2 3 17 19   25 10 1 4 22   24 5 23 13 21   6 20 18 7 8   
6 18 15 10 25   13 12 11 8 7   9 5 14 19 24   16 3 1 17 20   4 21 22 23 2   
13 5 7 1 2   20 25 23 14 4   6 8 18 17 21   11 9 10 12 22   15 19 16 24 3   
22 21 17 3 4   1 18 16 24 6   13 23 12 2 20   8 25 15 7 19   11 14 10 5 9   
20 19 8 23 24   5 22 10 9 21   3 16 7 11 15   4 18 6 2 14   25 13 12 1 17   

16 7 13 21 1   25 20 8 3 9   23 6 2 14 11   19 22 24 4 12   18 10 17 15 5   
18 4 6 14 23   2 1 24 13 12   20 7 21 16 25   15 10 5 8 17   9 3 19 22 11   
25 8 12 24 22   16 10 6 19 11   17 15 5 3 13   21 14 20 18 9   23 1 7 2 4   
17 10 2 19 15   23 14 7 22 5   24 4 9 18 12   1 16 13 3 11   20 6 25 8 21   
11 3 20 5 9   17 15 21 4 18   10 1 19 22 8   6 23 7 25 2   13 16 14 12 24   

23 1 18 17 16   24 5 9 21 13   8 12 6 25 14   3 11 2 10 4   19 7 15 20 22   
21 11 10 6 7   3 4 14 20 22   18 9 23 15 19   25 8 12 5 1   2 17 24 13 16   
24 9 25 20 12   11 19 18 1 10   2 3 16 13 4   7 15 17 22 23   8 5 6 21 14   
8 15 14 13 5   7 6 2 16 17   11 20 22 1 10   9 19 21 24 18   12 23 4 3 25   
19 22 4 2 3   12 8 15 23 25   7 17 24 21 5   13 20 16 14 6   1 18 9 11 10   